  0.0000000e+000  6.0200000e-001  7.0000000e-001
  2.8400000e+002  6.1500000e-001  7.0000000e-001
  8.5300000e+002  6.3100000e-001  7.0000000e-001
  1.4220000e+003  6.4400000e-001  7.0000000e-001
  1.9910000e+003  6.5100000e-001  7.0000000e-001
  3.1300000e+003  6.4700000e-001  7.0000000e-001
  3.6990000e+003  6.4000000e-001  7.0000000e-001
  4.2680000e+003  6.3400000e-001  7.0000000e-001
  5.9760000e+003  6.4400000e-001  7.0000000e-001
  6.5450000e+003  6.5700000e-001  7.0000000e-001
  7.1140000e+003  6.7200000e-001  7.0000000e-001
  7.6840000e+003  6.8600000e-001  7.0000000e-001
  8.2530000e+003  6.9600000e-001  7.0000000e-001
  8.8220000e+003  7.0000000e-001  7.0000000e-001
  9.3920000e+003  6.9600000e-001  7.0000000e-001
  9.9610000e+003  6.8600000e-001  7.0000000e-001
  1.0530000e+004  6.7200000e-001  7.0000000e-001
  1.1100000e+004  6.5700000e-001  7.0000000e-001
  1.1669000e+004  6.4400000e-001  7.0000000e-001
  1.2238000e+004  6.3400000e-001  7.0000000e-001
  1.3946000e+004  6.4000000e-001  7.0000000e-001
  1.4515000e+004  6.4700000e-001  7.0000000e-001
  1.5084000e+004  6.5100000e-001  7.0000000e-001
  1.6223000e+004  6.4400000e-001  7.0000000e-001
  1.6792000e+004  6.3100000e-001  7.0000000e-001
  1.7361000e+004  6.1500000e-001  7.0000000e-001
  1.7930000e+004  6.0200000e-001  7.0000000e-001
  1.8214000e+004  6.0200000e-001  7.0000000e-001
